9 10 20 47 106 220 423 776 1406 2579 4829 9202 17771 34815 69626 143262 304678 668562 1501903 3416589 7785735
1 -2 10 50 131 266 468 750 1125 1606 2206 2938 3815 4850 6056 7446 9033 10830 12850 15106 17611
19 29 47 83 149 268 498 980 2026 4267 8881 17926 34847 65403 119791 218088 404153 779333 1579159 3337521 7219269
10 16 41 95 186 325 535 868 1447 2564 4875 9734 19695 39179 75247 138335 242688 406072 648141 986585 1429880
-4 3 31 101 237 473 883 1645 3150 6167 12075 23173 43079 77229 133487 222877 360448 566283 866663 1295397 1895329
9 16 34 68 119 190 304 541 1101 2400 5206 10822 21323 39854 70996 121207 199345 317280 490602 739432 1089343
7 19 31 43 55 67 79 91 103 115 127 139 151 163 175 187 199 211 223 235 247
18 39 68 101 147 247 493 1042 2120 4011 7026 11447 17441 24939 33475 41980 48526 50015 41808 17289 -32641
19 25 31 37 55 124 325 796 1747 3475 6379 10975 17911 27982 42145 61534 87475 121501 165367 221065 290839
21 25 37 80 185 398 797 1519 2797 5007 8725 14794 24401 39164 61229 93377 139141 202933 290181 407476 562729
22 50 92 154 262 480 947 1962 4159 8823 18402 37270 72795 136769 247271 431068 726724 1188696 1892864 2944186 4487508
18 38 70 122 217 403 769 1469 2753 5007 8828 15229 26229 46435 86996 175010 375162 838183 1906602 4339181 9773011
20 40 84 172 336 637 1201 2290 4451 8832 17823 36276 73685 147869 290902 558278 1042590 1893344 3344926 5755196 9657702
5 14 22 26 15 -23 -67 10 574 2460 7349 18335 40685 82740 156942 281413 484087 815614 1386976 2468048 4722711
-2 10 29 59 115 222 407 688 1072 1582 2341 3749 6797 13570 27999 56930 111586 209506 377053 652591 1090439
2 9 31 75 153 283 490 807 1276 1949 2889 4171 5883 8127 11020 14695 19302 25009 32003 40491 50701
10 28 56 99 164 274 507 1069 2422 5517 12235 26232 54546 110604 219762 429452 827968 1580228 2998352 5685247 10831054
20 39 79 164 344 720 1484 2988 5881 11403 22016 42703 83499 164158 322335 627303 1202066 2257807 4145965 7434910 13020226
15 21 38 73 132 224 371 638 1219 2661 6393 15869 38854 91704 206942 446042 920135 1822381 3477048 6411945 11462816
6 22 39 56 79 119 193 348 752 1947 5454 15078 39503 97116 224480 490516 1019282 2025284 3866553 7122308 12703935
15 26 42 71 130 256 518 1038 2038 3948 7657 15092 30502 63156 132738 279754 585196 1207392 2451021 4896657 9644293
1 15 46 110 239 499 1023 2072 4142 8132 15583 29007 52374 91950 157926 267703 452367 768877 1321884 2300996 4041809
12 18 23 27 30 32 33 33 32 30 27 23 18 12 5 -3 -12 -22 -33 -45 -58
9 18 26 45 108 281 679 1488 3001 5693 10385 18582 33132 59484 108100 199121 371377 699508 1325644 2516179 4760164
4 10 13 21 54 145 354 811 1809 3978 8603 18243 38040 78607 162360 336928 702302 1463330 3026945 6175365 12364070
10 8 11 31 98 285 753 1834 4180 9017 18554 36601 69435 126909 223731 380793 626552 999169 1552444 2374953 3647248
19 40 84 160 276 435 624 790 790 291 -1419 -5767 -15459 -35380 -73969 -145243 -271683 -488238 -847750 -1428154 -2341862
14 43 93 173 304 526 902 1525 2553 4341 7834 15569 33963 78133 181475 413923 915704 1958227 4051483 8129221 15860578
6 20 51 103 175 263 379 597 1147 2606 6288 15025 34674 76901 164106 337791 672268 1296392 2427025 4419235 7839857
13 39 76 124 183 253 334 426 529 643 768 904 1051 1209 1378 1558 1749 1951 2164 2388 2623
4 -1 -9 -7 43 214 628 1476 3054 5851 10788 19844 37580 74592 154874 330788 712441 1523884 3208630 6624772 13400566
14 32 77 159 296 538 1016 2041 4302 9261 19937 42440 88907 182978 369749 733466 1428528 2733658 5147659 9562961 17590460
17 23 46 108 236 457 797 1285 1965 2928 4407 7073 12922 27730 67292 172119 440005 1094960 2628512 6083285 13614340
15 40 77 128 197 293 437 681 1159 2214 4697 10638 24677 56955 128649 282047 598063 1225460 2427861 4656972 8663413
10 15 29 70 180 435 955 1914 3550 6175 10185 16070 24424 35955 51495 72010 98610 132559 175285 228390 293660
8 14 25 49 106 225 445 843 1622 3305 7104 15573 33718 70832 143456 280045 528148 965200 1714379 2967409 5016698
7 30 69 139 265 482 835 1379 2179 3310 4857 6915 9589 12994 17255 22507 28895 36574 45709 56475 69057
-9 -10 -11 -19 -44 -99 -200 -366 -619 -984 -1489 -2165 -3046 -4169 -5574 -7304 -9405 -11926 -14919 -18439 -22544
3 15 32 67 148 317 627 1137 1905 2979 4386 6119 8122 10273 12365 14085 14991 14487 11796 5931 -4336
12 27 51 99 207 456 1011 2172 4425 8467 15160 25345 39418 56536 73282 81574 65554 -2861 -170143 -509473 -1131727
15 28 52 100 193 363 648 1076 1647 2344 3234 4756 8333 17487 39678 89128 190927 386748 742520 1358420 2381545
16 36 79 157 292 530 971 1828 3528 6868 13239 24931 45532 80434 137459 227618 366016 572916 874975 1306665 1911892
11 24 57 123 247 478 901 1649 2915 4964 8145 12903 19791 29482 42781 60637 84155 114608 153449 202323 263079
2 11 30 71 156 327 669 1346 2650 5063 9332 16557 28292 46659 74475 115392 174050 256243 369098 521267 723132
10 16 28 49 82 138 248 482 989 2103 4627 10528 24468 56877 129688 286558 610880 1258428 2520049 4949814 9638412
-6 -13 -16 -2 54 193 477 1007 1986 3905 8017 17408 39198 88762 197499 426983 895209 1827026 3654553 7221609 14201993
19 34 67 126 219 354 539 782 1091 1474 1939 2494 3147 3906 4779 5774 6899 8162 9571 11134 12859
5 8 2 -20 -67 -150 -280 -459 -661 -805 -724 -119 1577 5693 15954 43288 118641 324450 866702 2230130 5494941
22 41 71 118 188 287 421 596 818 1093 1427 1826 2296 2843 3473 4192 5006 5921 6943 8078 9332
10 12 14 16 18 20 22 24 26 28 30 32 34 36 38 40 42 44 46 48 50
24 46 74 112 172 274 446 724 1152 1782 2674 3896 5524 7642 10342 13724 17896 22974 29082 36352 44924
12 21 46 105 225 444 829 1522 2829 5386 10490 20804 41887 85448 176002 363890 749646 1527751 3062282 6013303 11541609
17 26 44 78 143 278 573 1223 2636 5640 11874 24524 49696 98945 193893 374650 715219 1351738 2534080 4719142 8736701
6 13 21 35 67 144 336 819 1989 4646 10279 21511 42814 81685 150592 270161 474288 818131 1390273 2330755 3857165
7 30 67 121 200 315 488 787 1412 2867 6264 13823 29684 61291 121966 236148 450833 861732 1674524 3348890 6933206
18 38 62 88 110 110 47 -149 -553 -1139 -1497 -195 6568 27734 82991 213847 504852 1122868 2387144 4890010 9697942
21 40 84 180 366 691 1228 2124 3720 6777 12851 24890 48198 92044 172425 316931 573625 1028163 1838946 3312975 6073276
13 16 24 43 90 199 425 846 1563 2698 4390 6789 10048 14313 19711 26336 34233 43380 53668 64879 76662
16 38 65 91 104 80 -15 -189 -302 228 3016 11764 33984 83632 184924 377624 724100 1318434 2297843 3856617 6262704
16 35 56 90 164 321 626 1189 2233 4279 8617 18424 41239 94099 213601 474649 1023894 2137171 4314958 8436510 16002462
8 11 25 58 114 196 319 541 1020 2105 4469 9292 18502 35082 63451 109927 183280 295383 461969 703502 1046170
9 26 61 123 223 378 621 1030 1799 3384 6767 13891 28329 56260 107835 199026 354061 608558 1013481 1640051 2585755
3 4 9 26 73 193 493 1224 2921 6621 14172 28645 54901 100546 178041 310010 542455 975650 1831431 3590528 7257377
7 22 56 130 287 605 1226 2413 4643 8746 16117 29071 51493 90071 156607 272198 474487 829726 1452094 2533600 4389003
5 10 20 37 81 206 527 1279 2949 6545 14087 29419 59440 115817 217138 391246 677169 1125796 1798814 2767773 4122231
20 26 32 38 44 50 56 62 68 74 80 86 92 98 104 110 116 122 128 134 140
3 1 -1 -3 -5 -7 -9 -11 -13 -15 -17 -19 -21 -23 -25 -27 -29 -31 -33 -35 -37
28 51 91 155 250 383 561 791 1080 1435 1863 2371 2966 3655 4445 5343 6356 7491 8755 10155 11698
4 13 35 94 232 514 1042 1990 3675 6691 12171 22331 41632 79252 154256 306231 616908 1253763 2557209 5212882 10586110
13 33 82 176 333 573 918 1392 2021 2833 3858 5128 6677 8541 10758 13368 16413 19937 23986 28608 33853
-6 5 40 122 290 603 1151 2088 3711 6618 11987 22027 40661 74510 134256 236471 406008 679059 1106994 1761104 2738380
-8 -3 24 86 197 386 733 1448 3027 6535 14088 29637 60200 117746 222011 404623 715034 1228905 2059768 3375000 5417391
11 30 50 76 123 231 498 1143 2634 5968 13286 29161 63126 134327 279608 566876 1116269 2132474 3952530 7114618 12454701
9 15 28 58 128 285 611 1234 2339 4179 7086 11482 17890 26945 39405 56162 78253 106871 143376 189306 246388
0 9 21 43 108 289 713 1575 3152 5817 10053 16467 25804 38961 57001 81167 112896 153833 205845 271035 351756
0 8 26 68 152 302 557 987 1716 2952 5024 8426 13868 22334 35147 54041 81240 119544 172422 244112 339728
8 13 27 67 165 374 777 1507 2794 5059 9071 16170 28546 49593 84567 142544 242872 434749 850659 1839189 4270263
23 32 50 87 152 262 476 975 2225 5296 12479 28473 62661 133455 276516 560064 1112783 2173388 4176252 7895207 14678482
8 21 59 143 310 618 1162 2114 3802 6851 12429 22680 41504 76024 139523 257691 482385 922056 1807818 3632770 7436279
25 49 92 161 271 455 773 1321 2242 3733 6021 9243 13106 16119 14076 -2677 -53841 -176503 -436358 -944275 -1880039
11 17 44 110 241 469 835 1402 2280 3662 5867 9383 14900 23320 35728 53305 77161 108063 146030 189764 235883
21 26 27 28 45 120 343 897 2153 4854 10439 21570 42937 82428 152763 273703 474957 799922 1310403 2092472 3263637
15 28 52 92 167 320 628 1212 2247 3972 6700 10828 16847 25352 37052 52780 73503 100332 134532 177532 230935
12 28 55 104 205 423 888 1855 3824 7775 15620 31073 61362 120703 237495 469218 932688 1863586 3729301 7434750 14684007
5 12 24 59 150 354 765 1529 2859 5048 8478 13623 21044 31374 45291 63477 86561 115044 149204 188979 233826
11 13 17 19 16 22 108 479 1601 4391 10483 22583 44926 83848 148486 251619 410663 648833 996485 1492651 2186780
-6 -15 -24 -26 -3 87 337 941 2290 5160 11074 22982 46513 92242 179723 344515 650130 1207827 2208540 3973046 7028845
5 17 49 116 256 546 1120 2195 4116 7436 13052 22423 37901 63211 104121 169348 271751 429867 669851 1027886 1553134
21 40 71 118 195 346 682 1442 3093 6497 13192 25856 49037 90215 161175 279454 469197 760006 1181149 1746634 2423927
5 2 12 47 135 347 835 1891 4047 8245 16114 30398 55585 98792 170965 288456 475041 764444 1203432 1855545 2805523
9 8 18 61 175 419 877 1669 2995 5280 9573 18513 38472 84044 187112 414731 903761 1926772 4015068 8183461 16331553
13 33 74 151 298 586 1149 2218 4163 7543 13164 22145 35992 56680 86743 129372 188521 269021 376702 518523 702710
3 -3 -11 -21 -33 -47 -63 -81 -101 -123 -147 -173 -201 -231 -263 -297 -333 -371 -411 -453 -497
17 31 48 61 68 86 168 417 1001 2205 4618 9653 20744 45764 101470 221113 466761 948379 1852300 3482413 6318196
3 16 50 117 227 389 612 906 1283 1758 2350 3083 3987 5099 6464 8136 10179 12668 15690 19345 23747
-4 -5 -4 4 28 81 180 346 604 983 1516 2240 3196 4429 5988 7926 10300 13171 16604 20668 25436
5 8 7 6 20 94 340 995 2512 5713 12053 24062 46043 85103 152576 265857 450599 743126 1192779 1863734 2835606
8 31 77 165 324 597 1045 1751 2824 4403 6661 9809 14100 19833 27357 37075 49448 64999 84317 108061 136964
19 28 37 46 55 64 73 82 91 100 109 118 127 136 145 154 163 172 181 190 199
16 25 48 106 230 461 850 1458 2356 3625 5356 7650 10618 14381 19070 24826 31800 40153 50056 61690 75246
-7 4 43 131 307 640 1242 2293 4105 7276 13015 23759 44270 83526 157946 296859 551720 1011669 1830570 3277360 5839008
-9 -9 -4 1 -4 -34 -109 -254 -499 -879 -1434 -2209 -3254 -4624 -6379 -8584 -11309 -14629 -18624 -23379 -28984
1 -3 -7 -11 -15 -19 -23 -27 -31 -35 -39 -43 -47 -51 -55 -59 -63 -67 -71 -75 -79
24 46 91 174 317 568 1048 2054 4273 9217 20082 43371 91804 189265 378801 734981 1382230 2521056 4464365 7686284 12886055
8 8 -2 -17 -7 98 423 1163 2598 5108 9188 15463 24703 37838 55973 80403 112628 154368 207578 274463 357493
-1 0 1 2 3 4 5 6 7 8 9 10 11 12 13 14 15 16 17 18 19
1 7 27 87 229 509 989 1737 2876 4760 8401 16335 34221 73667 157197 327240 663367 1317719 2592147 5111533 10215129
7 25 62 133 265 514 991 1897 3567 6523 11536 19697 32497 51916 80521 121573 179143 258237 364930 506509 691625
10 14 22 32 50 103 251 592 1258 2410 4256 7138 11762 19679 34165 61694 114250 212782 392170 708140 1246642
17 40 83 153 261 428 688 1088 1685 2540 3709 5231 7113 9312 11714 14110 16169 17408 17159 14533 8381
17 36 65 122 248 532 1163 2526 5364 11030 21844 41538 75706 132075 220299 350924 533378 773823 1076714 1461725 2026063
-4 11 54 151 345 706 1358 2535 4678 8585 15626 28035 49291 84600 141490 230531 366192 567847 860942 1278335 1861821
11 25 52 107 229 498 1056 2139 4137 7709 13990 24937 43871 76282 130974 221637 368943 603273 968192 1524799 2357089
7 18 38 88 213 494 1060 2100 3875 6730 11106 17552 26737 39462 56672 79468 109119 147074 194974 254664 328205
2 -2 -3 6 43 157 466 1227 2964 6711 14492 30274 61807 124022 245009 476057 907822 1695412 3096055 5524062 9629027
12 18 25 38 70 158 392 963 2240 4890 10070 19772 37532 69978 130161 244373 465308 896082 1731927 3329458 6317442
10 36 72 115 156 180 177 168 257 746 2412 7178 19683 50794 125115 296361 677564 1498152 3207936 6660213 13424182
9 7 1 5 44 158 415 938 1963 3961 7872 15505 30140 57314 105708 188096 322752 537022 877598 1436960 2412475
10 12 16 22 30 40 52 66 82 100 120 142 166 192 220 250 282 316 352 390 430
5 5 18 56 143 336 762 1685 3622 7533 15117 29254 54642 98688 172723 293623 485931 784589 1238404 1914388 2903129
7 17 29 39 55 119 341 951 2381 5398 11321 22370 42213 76797 135564 233137 391443 641859 1026001 1591637 2375891
6 24 51 97 196 430 978 2210 4848 10209 20523 39272 71416 123271 201752 312893 460481 648312 896096 1293659 2149323
-10 -20 -34 -41 -6 151 583 1551 3466 6938 12832 22331 37006 58893 90577 135283 196974 280456 391490 536911 724754
18 16 13 13 20 38 71 123 198 300 433 601 808 1058 1355 1703 2106 2568 3093 3685 4348
5 -1 -10 -22 -37 -55 -76 -100 -127 -157 -190 -226 -265 -307 -352 -400 -451 -505 -562 -622 -685
21 30 50 108 241 490 903 1554 2587 4306 7366 13209 25104 50620 107297 235005 521468 1152350 2505083 5317532 10980358
14 24 51 113 249 541 1151 2376 4722 8996 16413 28713 48281 78261 122653 186380 275310 396216 556655 764745 1028817
27 54 94 144 212 339 625 1254 2513 4800 8616 14536 23154 34997 50403 69358 91287 114794 137346 154896 161440
25 44 70 102 139 180 224 270 317 364 410 454 495 532 564 590 609 620 622 614 595
0 -5 -8 -3 16 55 120 217 352 531 760 1045 1392 1807 2296 2865 3520 4267 5112 6061 7120
25 50 92 166 294 517 934 1795 3691 7908 17053 36143 74542 149591 293799 569558 1099317 2126198 4131866 8057412 15702182
1 8 25 56 112 216 406 739 1307 2286 4063 7545 14874 30996 66968 146821 321908 701382 1517474 3264258 6986099
12 16 33 69 139 290 650 1528 3595 8173 17658 36122 70195 130423 233397 404944 684330 1128302 1811111 2811119 4164151
11 28 55 113 237 476 893 1565 2583 4052 6091 8833 12425 17028 22817 29981 38723 49260 61823 76657 94021
-3 -8 -6 10 49 121 241 460 964 2303 5832 14471 33938 74702 155073 306155 580004 1063685 1904959 3361895 5902000
28 49 82 131 201 314 551 1142 2632 6153 13832 29368 58825 111724 202589 353227 596220 980401 1579502 2505729 3930769
2 9 36 92 186 335 580 1027 1957 4089 9139 20903 47207 103221 216878 437667 851459 1607769 2975441 5465694 10112987
-9 -3 27 104 255 504 872 1401 2241 3880 7671 16950 39307 91069 205930 451127 956891 1968455 3935123 7658340 14531007
14 28 61 128 252 484 938 1842 3606 6908 12799 22828 39188 64884 103924 161534 244398 360924 521537 739000 1028764
3 5 2 -6 -19 -37 -60 -88 -121 -159 -202 -250 -303 -361 -424 -492 -565 -643 -726 -814 -907
5 0 -13 -41 -81 -97 12 453 1589 3998 8541 16439 29359 49509 79742 123669 185781 271580 387719 542151 744287
14 32 71 157 330 639 1129 1816 2647 3457 3973 3996 4065 7274 23660 80026 240759 650145 1615746 3769158 8371603
2 10 29 59 100 152 215 289 374 470 577 695 824 964 1115 1277 1450 1634 1829 2035 2252
0 -9 -28 -58 -86 -77 37 383 1208 3017 6879 15078 32411 68601 142546 289667 575029 1118532 2147023 4106679 7906081
-5 -5 -1 6 25 94 319 950 2524 6137 13970 30308 63502 129740 260352 516166 1016105 1994503 3915537 7698738 15154775
12 15 18 16 -3 -53 -138 -233 -258 -45 702 2454 5911 12063 22258 38277 62416 97575 147354 216156 309297
13 19 23 24 19 3 -22 -21 126 712 2345 6188 14400 30992 63498 126149 245659 471321 891907 1662912 3049025
-3 -8 -23 -48 -63 -18 184 726 1952 4502 9569 19428 38564 76073 150698 301254 608073 1237141 2531329 5199651 10709513
17 24 35 57 97 162 259 395 577 812 1107 1469 1905 2422 3027 3727 4529 5440 6467 7617 8897
3 1 -8 -15 -2 53 168 346 561 741 748 355 -780 -3143 -7396 -14412 -25313 -41511 -64752 -97163 -141302
24 38 59 105 216 465 968 1906 3592 6654 12479 24194 48684 100551 209707 435902 896760 1822390 3662127 7292243 14415680
9 28 62 116 195 304 448 632 861 1140 1474 1868 2327 2856 3460 4144 4913 5772 6726 7780 8939
16 26 42 71 120 196 306 457 656 910 1226 1611 2072 2616 3250 3981 4816 5762 6826 8015 9336
7 19 54 123 237 407 644 959 1363 1867 2482 3219 4089 5103 6272 7607 9119 10819 12718 14827 17157
17 43 83 136 211 342 616 1219 2505 5095 10013 18858 33994 58740 97658 157520 250909 407643 705951 1348200 2828953
3 9 13 23 59 153 349 703 1283 2169 3453 5239 7643 10793 14829 19903 26179 33833 43053 54039 67003
16 34 61 102 168 288 530 1031 2036 3946 7375 13216 22716 37560 59964 92777 139592 204866 294049 413722 571744
2 -5 -18 -31 -23 49 258 725 1665 3484 6957 13541 25942 49194 92763 174611 328804 619193 1163016 2170049 4005271
-2 7 31 85 206 471 1033 2199 4586 9398 18865 36870 69758 127268 223451 377330 612918 958033 1441131 2085115 2896766
5 17 37 73 146 298 603 1190 2286 4281 7806 13799 23513 38394 59726 87904 121155 153481 171547 150181 46092
27 45 70 114 202 375 693 1238 2117 3465 5448 8266 12156 17395 24303 33246 44639 58949 76698 98466 124894
-9 0 23 61 115 186 275 383 511 660 831 1025 1243 1486 1755 2051 2375 2728 3111 3525 3971
28 45 62 80 107 163 286 553 1154 2591 6118 14592 33969 75753 160790 324893 626888 1159785 2065902 3556904 5939863
7 19 42 91 180 325 552 908 1474 2380 3823 6090 9589 14892 22795 34401 51233 75385 109720 158125 225834
5 22 56 121 254 528 1067 2065 3823 6844 12066 21367 38544 71050 132869 249019 462297 843018 1502652 2612429 4428162
28 46 66 89 120 179 327 710 1631 3684 8031 16983 35185 71962 145872 293429 585614 1158646 2270192 4399649 8422518
16 43 95 182 314 501 753 1080 1492 1999 2611 3338 4190 5177 6309 7596 9048 10675 12487 14494 16706
21 35 49 76 156 372 866 1859 3686 6867 12252 21305 36632 62922 108597 188761 330727 584923 1047099 1903726 3523224
14 40 81 147 267 499 946 1785 3316 6034 10726 18616 31655 53223 89831 154950 276930 514196 982623 1902313 3674051
12 15 31 81 214 534 1239 2686 5521 10951 21300 41112 79299 153303 297198 577578 1124802 2194083 4283165 8354103 16240436
28 58 112 197 318 478 678 917 1192 1498 1828 2173 2522 2862 3178 3453 3668 3802 3832 3733 3478
22 32 42 52 62 72 82 92 102 112 122 132 142 152 162 172 182 192 202 212 222
4 16 40 77 128 194 276 375 492 628 784 961 1160 1382 1628 1899 2196 2520 2872 3253 3664
10 25 40 55 70 85 100 115 130 145 160 175 190 205 220 235 250 265 280 295 310
18 32 57 89 128 188 324 693 1669 4042 9357 20516 42928 86845 172217 338655 665208 1308032 2569157 5017063 9690412
12 15 17 18 18 17 15 12 8 3 -3 -10 -18 -27 -37 -48 -60 -73 -87 -102 -118
-7 -15 -17 10 112 376 962 2162 4505 8933 17079 31684 57196 100600 172534 288752 472001 754385 1180295 1809990 2723920
18 36 60 88 117 157 267 629 1693 4462 11050 25761 57153 121962 252528 510742 1013885 1981521 3818321 7255643 13584618
10 36 79 152 284 529 990 1870 3573 6912 13561 27049 54891 112982 234333 485961 1000908 2038072 4092599 8096822 15780334
7 21 48 92 153 230 337 538 1006 2110 4533 9423 18578 34665 61472 104191 169729 267043 407494 605214 877479
7 9 11 5 -17 -49 -37 181 963 2978 7352 15882 31453 59024 108045 198180 372191 723527 1452693 2977459 6139555
24 44 70 117 223 465 983 2011 3916 7262 12968 22753 40309 74085 143291 289853 600704 1247144 2551234 5093525 9882115
7 24 53 94 147 212 289 378 479 592 717 854 1003 1164 1337 1522 1719 1928 2149 2382 2627
7 30 68 121 189 272 370 483 611 754 912 1085 1273 1476 1694 1927 2175 2438 2716 3009 3317
20 35 64 134 298 649 1351 2701 5236 9899 18278 32932 57818 98833 164485 266707 421828 651715 985100 1459106 2120986
-5 3 23 54 90 126 182 357 934 2574 6660 15887 35265 73865 148016 287528 548481 1040512 1986179 3850725 7624076
-1 7 40 124 292 577 1003 1586 2382 3672 6477 13787 33242 82670 201151 470639 1057469 2290613 4806298 9809414 19535028
10 25 56 110 194 323 538 934 1698 3157 5836 10526 18362 30911 50270 79174 121114 180465 262624 374158 522962
16 45 92 161 271 479 913 1815 3602 6973 13129 24243 44441 81788 152260 287789 553028 1081233 2151922 4357685 8954707
23 44 77 123 187 285 453 760 1320 2281 3743 5539 6852 5839 -27 -11000 -15275 36046 284913 1080971 3202209
6 7 8 9 10 11 12 13 14 15 16 17 18 19 20 21 22 23 24 25 26
17 27 30 23 4 -24 -34 75 588 2195 6405 16275 37625 80968 164451 318179 590379 1055955 1828088 3073647 5033298
6 10 24 50 96 196 453 1112 2666 5993 12517 24386 44672 77631 129139 207624 326374 509569 807945 1338024 2375922
10 8 1 -11 -28 -50 -77 -109 -146 -188 -235 -287 -344 -406 -473 -545 -622 -704 -791 -883 -980
4 18 40 74 126 203 313 467 684 1000 1482 2248 3494 5529 8819 14041 22148 34446 52684 79158 116830
1 9 37 99 225 473 955 1887 3674 7063 13455 25576 48882 94329 183491 357472 691647 1318997 2465689 4503609 8025799
-2 3 32 109 267 548 1003 1692 2684 4057 5898 8303 11377 15234 19997 25798 32778 41087 50884 62337 75623
28 48 68 97 153 261 464 865 1738 3781 8643 19952 45214 99153 209322 425129 831772 1570930 2870362 5084751 8750099
13 22 41 86 176 326 538 792 1039 1198 1159 794 -22 -1378 -3280 -5588 -7935 -9626 -9515 -5858 3860
13 37 81 154 258 387 543 791 1388 3046 7440 18165 42492 94470 200144 405845 790539 1482930 2683273 4688909 7922790
